6010513
6014673
6014698
6015254
6014943
6011385
6015007
6016934
6011186
6013553
6010605
6014892
6013034
6011182
6014894
6014900
6014907
6014604
6034979
6013661
6014296
6014884
6014995
6014947
6015020
6014167
6014891
6014668
6013570
6015645
6033613
6014119
6013447
6013252
6039101
6013184
6015649
6016896
6013956
6013353
6013501
6013536
6013243
6013924
6014311
6039263
6013440
6036032
6013400
6013323
6013102
6039107
6011327
6014770
6013103
6014456
6012130
6014938
6015648
6042550
6012123
6038436
6014648
6010489
6013766
6015641
6012061
6014164
6012062
6014635
6017124
6038484
6013192
6039712
6013806
6013600
6013640
6014994
6011324
6014703
6013490
6015629
6014666
6012834
6011842
6010645
6011734
6014887
6012071
6011641
6010525
6010472
6015654
6012780
6011378
6010507
6010594
6037222
6012082
6032688
6014529
6013714
6010556
6014945
6014612
6011686
6010602
6013093
6010526
6015651
6013804
6014645
6013851
6013342
6013768
6014085
6014777
6014609
6014298
6023962
6013362
6011681
6014299
6013731
6014362
6014113
6013202
6013628
6015655
6014515
6014886
6014584
6014351
6014498
6014544
6014128
6014399
6014355
6013748
6013062
6034858
6014601
6014001
6012971
6014432
6015250
6014906
6013774
6014680
6014340
6039261
6013144
6013771
6013261
6013726
6014828
6010375
6014614
6013674
6015646
6013269
6014048
6014600
6013024
6014106
6013500
6014073
6015642
6015647
6013642
6014533
6014818
6013620
6012978
6014304
6014996
6015570
6014946
6010855
6014700
6014766
6014507
6014619
6014518
6014952
6014592
6015009
6013801
6015562
6013896
6013381
6031682
6014446
6033372
6013167
6014314
6015317
6015366
6012372
6011265
6010485
6014877
6014876
6015367
6012327
6035275
6038617
6013058
6036944
6013719
6040072
6038232
6014679
6014678
6038276
6038534
6039222
6015013
6014937
6014676
6015003
6014672
6038059
6015251
6035669
6039188
6014682
6015010
6038681
6039389
6036254
6038393
6014935
6014897
6013076
6014683
6014941
6015024
6037856
6037884
6038162
6038428
6037244
6039226
6037547
6038671
6039106
6035905
6034041
6033347
6038979
6039731
6032131
6037551
6037504
6038753
6038446
6040303
6030587
6036217
6040038
6038397
6026994
6034772
6040007
6035032
6038808
6040310
6040836
6027741
6027583
6039999
6034119
6034664
6034306
6011106
6037574
6034685
6040544
6039269
6040429
6034975
6027743
6034502
6033924
6040512
6040174
6040688
6039162
6039628
6035224
6039138
6039228
6039766
6039755
6030430
6037315
6039741
6035687
6036241
6038266
6014442
6038971
6036863
6010435
6039311
6039305
6040449
6040532
6018487
6025904
6040272
6034496
6034570
6039205
6036608
6035363
6034219
6036461
6040934
6041052
6040870
6041550
6039464
6038445
6039105
6041149
6038105
6034255
6039452
6037930
6014880
6040838
6040935
6034486
6010612
6013210
6011388
6014689
6015027
6014911
6010452
6011282
6010609
6010562
6011283
6010580
6014674
6015012
6014530
6014667
6014379
6015008
6014903
6011719
6013724
6011206
6014200
6014613
6010481
6013715
6013215
6014585
6014434
6013348
6013233
6014488
6014607
6014375
6014624
6014365
6014377
6014373
6034047
6034371
6020125
6033455
6034712
6033073
6039266
6037881
6036161
6036395
6040356
6036248
6035248
6034374
6039304
6037252
6039385
6040807
6033295
6034218
6013335
6014308
6011233
6034474
6040028
6040026
6040296
6040608
6040752
6012625
6010350
6044022
6044220
6010483
6044116
6044914
6044741
6044660
6044655
6044756
6039213
6014357
6033572
6040147
6014815
6028241
6012298
6012490
6012362
6014816
6014997
6040291
6015910
6014009
6013875
6012182